3e+09       0.209731808          148.54661        0.975249244        -89.9517637        0.975249244        -89.9517637        0.209210429        -148.645219
3.025e+09       0.209557818         147.512343        0.975268099        -90.7202617        0.975268099        -90.7202617        0.209030238        -149.142388
3.05e+09       0.209336921         146.476556        0.975296825        -91.4898362        0.975296825        -91.4898362        0.208803198         -149.64004
3.075e+09       0.209068671         145.439215        0.975335482        -92.2605186        0.975335482        -92.2605186        0.208528864        -150.138196
3.1e+09       0.208752617         144.400283        0.975384122        -93.0323408        0.975384122        -93.0323408        0.208206787        -150.636882
3.125e+09         0.2083883         143.359726        0.975442793        -93.8053353        0.975442793        -93.8053353         0.20783651         -151.13612
3.15e+09       0.207975253         142.317507        0.975511535        -94.5795348        0.975511535        -94.5795348        0.207417569        -151.635934
3.175e+09       0.207513006         141.273589         0.97559038        -95.3549728         0.97559038        -95.3549728        0.206949494        -152.136349
3.2e+09       0.207001078         140.227935        0.975679353        -96.1316829        0.975679353        -96.1316829        0.206431807        -152.637387
3.225e+09       0.206438983         139.180506        0.975778473        -96.9096995        0.975778473        -96.9096995        0.205864024        -153.139073
3.25e+09       0.205826228         138.131265        0.975887749        -97.6890572        0.975887749        -97.6890572        0.205245653        -153.641431
3.275e+09       0.205162313         137.080171        0.976007184        -98.4697912        0.976007184        -98.4697912        0.204576196        -154.144484
3.3e+09       0.204446728         136.027186        0.976136772        -99.2519372        0.976136772        -99.2519372        0.203855145        -154.648255
3.325e+09       0.203678957         134.972268        0.976276498        -100.035531        0.976276498        -100.035531        0.203081985        -155.152769
3.35e+09       0.202858476         133.915377        0.976426338         -100.82061        0.976426338         -100.82061        0.202256194        -155.658048
3.375e+09       0.201984753         132.856471        0.976586261        -101.607211        0.976586261        -101.607211        0.201377243        -156.164114
3.4e+09       0.201057249         131.795507        0.976756224        -102.395371        0.976756224        -102.395371        0.200444592        -156.670992
3.425e+09       0.200075414         130.732444        0.976936177        -103.185129        0.976936177        -103.185129        0.199457694        -157.178702
3.45e+09       0.199038692         129.667236        0.977126058        -103.976522        0.977126058        -103.976522        0.198415994        -157.687267
3.475e+09       0.197946519         128.599841        0.977325796        -104.769591        0.977325796        -104.769591        0.197318929        -158.196707
3.5e+09       0.196798319         127.530211         0.97753531        -105.564373         0.97753531        -105.564373        0.196165926        -158.707044
3.525e+09        0.19559351         126.458303        0.977754506        -106.360911        0.977754506        -106.360911        0.194956404        -159.218296
3.55e+09       0.194331502         125.384069        0.977983282        -107.159243        0.977983282        -107.159243        0.193689773        -159.730484
3.575e+09       0.193011694         124.307463         0.97822152         -107.95941         0.97822152         -107.95941        0.192365436        -160.243625
3.6e+09       0.191633477         123.228435        0.978469096        -108.761455        0.978469096        -108.761455        0.190982783        -160.757737
3.625e+09       0.190196233         122.146936        0.978725868         -109.56542        0.978725868         -109.56542          0.1895412        -161.272834
3.65e+09       0.188699336         121.062918        0.978991686        -110.371345        0.978991686        -110.371345        0.188040059        -161.788932
3.675e+09       0.187142149         119.976329        0.979266383        -111.179275        0.979266383        -111.179275        0.186478727        -162.306043
3.7e+09       0.185524026         118.887117        0.979549781        -111.989252        0.979549781        -111.989252        0.184856561        -162.824179
3.725e+09       0.183844314          117.79523        0.979841688        -112.801321        0.979841688        -112.801321        0.183172906        -163.343348
3.75e+09       0.182102349         116.700613        0.980141896        -113.615525        0.980141896        -113.615525        0.181427102        -163.863559
3.775e+09       0.180297459         115.603212        0.980450185         -114.43191        0.980450185         -114.43191        0.179618477        -164.384814
3.8e+09       0.178428962          114.50297        0.980766317        -115.250521        0.980766317        -115.250521        0.177746352        -164.907117
3.825e+09       0.176496168          113.39983        0.981090039        -116.071403        0.981090039        -116.071403        0.175810038        -165.430464
3.85e+09       0.174498376         112.293732        0.981421084        -116.894602        0.981421084        -116.894602        0.173808838        -165.954852
3.875e+09       0.172434879         111.184617        0.981759165        -117.720165        0.981759165        -117.720165        0.171742044        -166.480271
3.9e+09       0.170304959         110.072422         0.98210398         -118.54814         0.98210398         -118.54814        0.169608941        -167.006707
3.925e+09        0.16810789         108.957084        0.982455207        -119.378573        0.982455207        -119.378573        0.167408807        -167.534141
3.95e+09       0.165842939         107.838537        0.982812509        -120.211512        0.982812509        -120.211512        0.165140908        -168.062549
3.975e+09       0.163509361         106.716713        0.983175527        -121.047006        0.983175527        -121.047006        0.162804506        -168.591898
4e+09       0.161106408         105.591543        0.983543883        -121.885104        0.983543883        -121.885104        0.160398852        -169.122151
4.025e+09        0.15863332         104.462953        0.983917182        -122.725855        0.983917182        -122.725855         0.15792319        -169.653259
4.05e+09       0.156089331         103.330868        0.984295004        -123.569307        0.984295004        -123.569307        0.155376758        -170.185165
4.075e+09       0.153473667         102.195211         0.98467691        -124.415512         0.98467691        -124.415512        0.152758786          -170.7178
4.1e+09       0.150785548         101.055899        0.985062439         -125.26452        0.985062439         -125.26452        0.150068498        -171.251082
4.125e+09       0.148024186         99.9128456        0.985451107        -126.116381        0.985451107        -126.116381        0.147305109        -171.784917
4.15e+09       0.145188788         98.7659617        0.985842406        -126.971146        0.985842406        -126.971146        0.144467833        -172.319189
4.175e+09       0.142278555         97.6151516        0.986235807        -127.828866        0.986235807        -127.828866        0.141555876        -172.853766
4.2e+09       0.139292682         96.4603143        0.986630753        -128.689594        0.986630753        -128.689594        0.138568439        -173.388492
4.225e+09        0.13623036         95.3013418        0.987026664        -129.553381        0.987026664        -129.553381        0.135504719        -173.923183
4.25e+09       0.133090773         94.1381188        0.987422932         -130.42028        0.987422932         -130.42028        0.132363912        -174.457627
4.275e+09       0.129873106         92.9705206        0.987818924        -131.290342        0.987818924        -131.290342         0.12914521        -174.991571
4.3e+09       0.126576537         91.7984121        0.988213979        -132.163621        0.988213979        -132.163621        0.125847802        -175.524721
4.325e+09       0.123200243         90.6216458        0.988607409         -133.04017        0.988607409         -133.04017        0.122470879        -176.056731
4.35e+09         0.1197434         89.4400592        0.988998494        -133.920041        0.988998494        -133.920041        0.119013631        -176.587192
4.375e+09       0.116205182         88.2534719        0.989386488        -134.803287        0.989386488        -134.803287         0.11547525         -177.11562
4.4e+09       0.112584764         87.0616822        0.989770612        -135.689963        0.989770612        -135.689963        0.111854931        -177.641443
4.425e+09       0.108881322          85.864462        0.990150059        -136.580121        0.990150059        -136.580121        0.108151875        -178.163977
4.45e+09       0.105094034         84.6615514        0.990523986        -137.473815        0.990523986        -137.473815        0.104365287        -178.682402
4.475e+09        0.10122208         83.4526503         0.99089152        -138.371098         0.99089152        -138.371098        0.100494385        -179.195729
4.5e+09      0.0972646476         82.2374092        0.991251756        -139.272024        0.991251756        -139.272024       0.0965383964        -179.702759
4.525e+09      0.0932209263         81.0154153        0.991603752        -140.176646        0.991603752        -140.176646       0.0924965631         179.797976
4.55e+09      0.0890901146         79.7861752        0.991946533        -141.085017        0.991946533        -141.085017       0.0883681471         179.308286
4.575e+09      0.0848714193         78.5490907        0.992279089        -141.997191        0.992279089        -141.997191       0.0841524346         178.830429
4.6e+09      0.0805640575         77.3034262        0.992600372        -142.913219        0.992600372        -142.913219       0.0798487425          178.36725
4.625e+09      0.0761672583         76.0482614          0.9929093        -143.833155          0.9929093        -143.833155       0.0754564274          177.92238
4.65e+09      0.0716802649         74.7824255        0.993204751        -144.757051        0.993204751        -144.757051       0.0709748982         177.500523
4.675e+09      0.0671023378         73.5043986        0.993485568        -145.684959        0.993485568        -145.684959       0.0664036334         177.107878
4.7e+09      0.0624327567         72.2121649        0.993750551         -146.61693        0.993750551         -146.61693       0.0617422065          176.75277
4.725e+09      0.0576708255         70.9029827        0.993998466        -147.553014        0.993998466        -147.553014       0.0569903249         176.446641
4.75e+09      0.0528158766         69.5730159        0.994228036        -148.493263        0.994228036        -148.493263       0.0521478922         176.205641
4.775e+09      0.0478672793         68.2167138        0.994437945        -149.437726        0.994437945        -149.437726       0.0472151109          176.05331
4.8e+09      0.0428244511         66.8257161        0.994626836        -150.386452        0.994626836        -150.386452       0.0421926638         176.025314
4.825e+09       0.037686879         65.3867975        0.994793314        -151.339489        0.994793314        -151.339489       0.0370820531         176.178352
4.85e+09      0.0324541595         63.8776984        0.994935938        -152.296884        0.994935938        -152.296884       0.0318862898         176.608206
4.875e+09      0.0271260858         62.2577837         0.99505323        -153.258684         0.99505323        -153.258684       0.0266114368         177.490042
4.9e+09      0.0217028685         60.4441053        0.995143668        -154.224933        0.995143668        -154.224933       0.0212705586          179.18072
4.925e+09      0.0161858169         58.2369259         0.99520569        -155.195676         0.99520569        -155.195676       0.0158958936        -177.471127
4.95e+09       0.010580232         55.0032585        0.995237693        -156.170956        0.995237693        -156.170956       0.0105885154        -169.908864
4.975e+09     0.00491869795         47.1477182         0.99523803        -157.150814         0.99523803        -157.150814      0.00583499245        -147.190798
5e+09     0.00145333299        -76.1110046        0.995205016        -158.135291        0.995205016        -158.135291      0.00467411013        -81.6588001
5.025e+09     0.00701053004        -114.648624        0.995136922        -159.124424        0.995136922        -159.124424      0.00888648117        -44.6792885
5.05e+09      0.0129932243        -119.889181        0.995031982        -160.118251        0.995031982        -160.118251       0.0144547629        -33.7803931
5.075e+09      0.0190980841        -122.659493        0.994888387        -161.116806        0.994888387        -161.116806         0.02038031        -29.3668939
5.1e+09      0.0253091007        -124.730939        0.994704291        -162.120124        0.994704291        -162.120124       0.0264931467        -27.2364673
5.125e+09      0.0316226957        -126.510859        0.994477809        -163.128235        0.994477809        -163.128235       0.0327454101        -26.1513758
5.15e+09      0.0380376312         -128.14326        0.994207019        -164.141169        0.994207019        -164.141169       0.0391187517        -25.6292024
5.175e+09      0.0445533356        -129.691977        0.993889962        -165.158951        0.993889962        -165.158951       0.0456046496        -25.4448642
5.2e+09      0.0511694541        -131.189645        0.993524645        -166.181608        0.993524645        -166.181608       0.0521985665        -25.4796454
5.225e+09      0.0578856906        -132.654687        0.993109041         -167.20916        0.993109041         -167.20916       0.0588978011          -25.66513
5.25e+09      0.0647017411        -134.098291        0.992641092        -168.241627        0.992641092        -168.241627       0.0657005699        -25.9591584
5.275e+09      0.0716172604        -135.527645        0.992118709        -169.279026        0.992118709        -169.279026       0.0726055697        -26.3343521
5.3e+09      0.0786318443        -136.947578        0.991539776         -170.32137        0.991539776         -170.32137       0.0796117492        -26.7721662
5.325e+09      0.0857450177        -138.361452        0.990902149         -171.36867        0.990902149         -171.36867       0.0867181817        -27.2595957
5.35e+09      0.0929562269        -139.771681        0.990203665        -172.420933        0.990203665        -172.420933       0.0939239888        -27.7872519
5.375e+09       0.100264833         -141.18004        0.989442137        -173.478164        0.989442137        -173.478164        0.101228294        -28.3481873
5.4e+09       0.107670107        -142.587862         0.98861536        -174.540364         0.98861536        -174.540364        0.108630189        -28.9371495
5.425e+09       0.115171225        -143.996164        0.987721116        -175.607529        0.987721116        -175.607529        0.116128715        -29.5500928
5.45e+09       0.122767266        -145.405737        0.986757174        -176.679652        0.986757174        -176.679652        0.123722845        -30.1838491
5.475e+09       0.130457206        -146.817198        0.985721297        -177.756724        0.985721297        -177.756724        0.131411474        -30.8358999
5.5e+09       0.138239914        -148.231037        0.984611241        -178.838729        0.984611241        -178.838729        0.139193409        -31.5042163
5.525e+09       0.146114154        -149.647643        0.983424764        -179.925649        0.983424764        -179.925649         0.14706736         -32.187143
5.55e+09       0.154078576        -151.067327        0.982159626         178.982539        0.982159626         178.982539        0.155031937        -32.8833139
5.575e+09       0.162131717        -152.490337        0.980813597         177.885862        0.980813597         177.885862        0.163085645        -33.5915893
5.6e+09       0.170271997        -153.916871        0.979384459         176.784352        0.979384459         176.784352        0.171226879        -34.3110082
5.625e+09       0.178497717        -155.347084         0.97787001         175.678047         0.97787001         175.678047        0.179453919        -35.0407521
5.65e+09       0.186807059        -156.781097        0.976268073         174.566987        0.976268073         174.566987        0.187764931        -35.7801172
5.675e+09       0.195198082        -158.219003        0.974576498         173.451218        0.974576498         173.451218        0.196157959         -36.528492
5.7e+09        0.20366872        -159.660869        0.972793168         172.330791        0.972793168         172.330791        0.204630929        -37.2853407
5.725e+09       0.212216785        -161.106739        0.970916005         171.205763        0.970916005         171.205763        0.213181644        -38.0501887
5.75e+09       0.220839962        -162.556639        0.968942974         170.076196        0.968942974         170.076196        0.221807784        -38.8226122
5.775e+09        0.22953581         -164.01058        0.966872094         168.942155        0.966872094         168.942155        0.230506903        -39.6022286
5.8e+09       0.238301763        -165.468554        0.964701436         167.803713        0.964701436         167.803713        0.239276433        -40.3886899
5.825e+09        0.24713513        -166.930542        0.962429135         166.660947        0.962429135         166.660947        0.248113681        -41.1816762
5.85e+09       0.256033095        -168.396512        0.960053395         165.513939        0.960053395         165.513939         0.25701583        -41.9808908
5.875e+09       0.264992719        -169.866419        0.957572493         164.362777        0.957572493         164.362777         0.26597994        -42.7860566
5.9e+09        0.27401094        -171.340211        0.954984788         163.207556        0.954984788         163.207556        0.275002952        -43.5969119
5.925e+09       0.283084578        -172.817822        0.952288725         162.048374        0.952288725         162.048374        0.284081686        -44.4132083
5.95e+09       0.292210336        -174.299177        0.949482842         160.885335        0.949482842         160.885335        0.293212847        -45.2347078
5.975e+09       0.301384802        -175.784195        0.946565777         159.718549        0.946565777         159.718549        0.302393025         -46.061181
6e+09       0.310604455        -177.272785        0.943536271         158.548131        0.943536271         158.548131        0.311618701        -46.8924053
6.025e+09       0.319865665        -178.764846        0.940393177         157.374202        0.940393177         157.374202         0.32088625        -47.7281638
6.05e+09       0.329164703         179.739727        0.937135465         156.196887        0.937135465         156.196887        0.330191944        -48.5682434
6.075e+09       0.338497742         178.241049        0.933762225         155.016317        0.933762225         155.016317        0.339531958        -49.4124347
6.1e+09       0.347860861          176.73924        0.930272677         153.832629        0.930272677         153.832629        0.348902377        -50.2605303
6.125e+09       0.357250056         175.234428         0.92666617         152.645963         0.92666617         152.645963        0.358299199        -51.1123246
6.15e+09       0.366661243         173.726746        0.922942191         151.456464        0.922942191         151.456464        0.367718343        -51.9676131
6.175e+09       0.376090265         172.216334        0.919100368         150.264283        0.919100368         150.264283        0.377155655        -52.8261921
6.2e+09       0.385532898         170.703338        0.915140474         149.069576        0.915140474         149.069576        0.386606915        -53.6878577
6.225e+09       0.394984862         169.187907        0.911062429           147.8725        0.911062429           147.8725        0.396067846        -54.5524064
6.25e+09       0.404441826         167.670197        0.906866306         146.673219        0.906866306         146.673219         0.40553412        -55.4196342
6.275e+09       0.413899418         166.150369        0.902552331           145.4719        0.902552331           145.4719        0.415001367        -56.2893365
6.3e+09       0.423353229         164.628586        0.898120886         144.268714        0.898120886         144.268714        0.424465183        -57.1613086
6.325e+09       0.432798831         163.105018        0.893572512         143.063834        0.893572512         143.063834         0.43392114        -58.0353448
6.35e+09       0.442231777         161.579836        0.888907907         141.857439        0.888907907         141.857439        0.443364795        -58.9112389
6.375e+09       0.451647612         160.053216        0.884127929         140.649707        0.884127929         140.649707        0.452791697        -59.7887844
6.4e+09       0.461041889         158.525338        0.879233596         139.440822        0.879233596         139.440822        0.462197398         -60.667774
6.425e+09        0.47041017         156.996382        0.874226084         138.230969        0.874226084         138.230969        0.471577463        -61.5480002
6.45e+09       0.479748038         155.466532        0.869106727         137.020334        0.869106727         137.020334        0.480927478        -62.4292552
6.475e+09       0.489051111         153.935974        0.863877012         135.809105        0.863877012         135.809105        0.490243061        -63.3113311
6.5e+09       0.498315045         152.404895        0.858538584         134.597474        0.858538584         134.597474         0.49951987        -64.1940203
6.525e+09       0.507535548         150.873484        0.853093234         133.385629        0.853093234         133.385629        0.508753612        -65.0771152
6.55e+09       0.516708385          149.34193        0.847542903         132.173764        0.847542903         132.173764        0.517940056         -65.960409
6.575e+09       0.525829393         147.810424        0.841889673         130.962069        0.841889673         130.962069        0.527075038        -66.8436956
6.6e+09       0.534894483         146.279154        0.836135765         129.750737        0.836135765         129.750737        0.536154469        -67.7267697
6.625e+09       0.543899654         144.748313        0.830283534         128.539959        0.830283534         128.539959        0.545174348        -68.6094277
6.65e+09       0.552840999         143.218088        0.824335461         127.329926        0.824335461         127.329926        0.554130768         -69.491467
6.675e+09       0.561714711         141.688668        0.818294152         126.120827        0.818294152         126.120827        0.563019923        -70.3726872
6.7e+09       0.570517095         140.160241        0.812162325         124.912852        0.812162325         124.912852        0.571838115        -71.2528897
6.725e+09       0.579244569         138.632993        0.805942808         123.706186        0.805942808         123.706186        0.580581764        -72.1318783
6.75e+09       0.587893678         137.107106        0.799638532         122.501015        0.799638532         122.501015        0.589247411        -73.0094595
6.775e+09       0.596461093         135.582763        0.793252518         121.297521        0.793252518         121.297521        0.597831728        -73.8854423
6.8e+09        0.60494362         134.060142        0.786787878         120.095884        0.786787878         120.095884         0.60633152         -74.759639
6.825e+09       0.613338205         132.539419        0.780247799         118.896282        0.780247799         118.896282        0.614743731        -75.6318654
6.85e+09       0.621641938         131.020767        0.773635539         117.698887        0.773635539         117.698887         0.62306545        -76.5019406
6.875e+09       0.629852057         129.504355        0.766954421         116.503871        0.766954421         116.503871        0.631293914        -77.3696875
6.9e+09       0.637965951         127.990349        0.760207816           115.3114        0.760207816           115.3114         0.63942651        -78.2349333
6.925e+09       0.645981164         126.478911        0.753399146         114.121638        0.753399146         114.121638         0.64746078        -79.0975091
6.95e+09       0.653895394         124.970197        0.746531866         112.934742        0.746531866         112.934742        0.655394422        -79.9572507
6.975e+09       0.661706499         123.464361        0.739609461         111.750868        0.739609461         111.750868        0.663225293        -80.8139983
7e+09       0.669412495          121.96155        0.732635436         110.570164        0.732635436         110.570164        0.670951407         -81.667597
